0.122029 -0.073103 -0.106978 0.125755 0.039378 0.108611 0.103970 -0.137684 -0.131283 0.085621 -0.135773 -0.147137 -0.135116 -0.082299 -0.081206 -0.117524 0.115206 -0.105017 0.054119 0.122180 0.121346 0.144291 -0.145270 0.055222 -0.116170 0.142573 -0.051908 -0.146387 0.081105 -0.052275 0.050205 -0.137698
0.221459 -0.006389 0.077610 0.189277 -0.310121 0.140731 0.035455 -0.310270 -0.066394 0.103079 -0.301158 -0.098201 0.252277 -0.103682 0.115714 0.057922 0.199760 -0.137625 -0.051933 0.249482 -0.045678 -0.199672 -0.308063 -0.117191 -0.058175 0.311991 0.154730 -0.102995 0.098509 0.084810 -0.184577 0.099125
0.037044 -0.022396 -0.053133 0.125188 -0.278511 0.070917 -0.020055 -0.039988 -0.026632 -0.162621 0.090445 -0.049749 0.063783 -0.019404 -0.250612 -0.283621 -0.116076 0.034142 -0.076689 -0.036018 -0.008606 -0.009929 -0.031737 0.025442 -0.079363 -0.289629 0.020083 0.041637 -0.303945 0.087994 -0.075647 -0.077604
0.041474 -0.001543 -0.042235 0.025970 -0.061333 0.054612 -0.005532 -0.392513 0.048988 -0.190467 -0.363417 0.004113 0.017263 -0.017111 0.597794 -0.221078 -0.001451 -0.050291 -0.014364 -0.003476 -0.003155 -0.038195 -0.371538 -0.040258 -0.042090 -0.423070 0.001870 0.087373 0.264951 0.026316 -0.050370 0.087435
0.184923 0.028764 0.052366 -0.158375 -0.311160 -0.314455 0.023223 0.032391 0.048676 -0.180125 -0.060135 0.054350 0.053915 -0.062172 0.039759 -0.180258 0.273835 -0.110764 0.040603 0.026939 -0.012247 0.035934 0.038206 0.034028 -0.010188 -0.046129 -0.017733 0.063325 -0.324966 0.053313 -0.058919 0.319690
0.219838 0.004321 -0.094630 -0.028207 -0.541902 0.153219 -0.152710 0.051589 -0.068258 -0.191293 -0.474987 -0.039478 0.086726 -0.031509 -0.279812 -0.071055 0.436281 -0.123777 0.017236 -0.009202 -0.002600 0.053314 -0.481161 0.058480 -0.055861 -0.141436 0.002667 -0.057339 -0.026848 0.020860 0.068591 -0.310245
-0.097969 -0.110855 0.091053 -0.128647 0.164802 0.102513 0.152246 -0.173647 -0.114545 -0.164009 0.097973 -0.072973 -0.172472 0.068282 -0.115818 -0.164181 -0.065088 -0.102549 0.111917 0.151253 -0.121004 0.065135 -0.175228 -0.120825 -0.109631 0.178317 0.143707 -0.146369 -0.169462 0.138580 0.099112 0.098427
0.224005 -0.074109 -0.106134 -0.143683 -0.182417 0.123653 0.173546 0.106084 -0.073212 -0.220650 -0.245607 -0.073017 -0.237765 -0.185233 0.086296 -0.219278 -0.115116 -0.109447 -0.050157 0.203942 -0.122309 -0.189485 -0.240801 -0.112484 0.050002 0.251405 0.067964 -0.119928 0.102346 -0.210888 0.197497 0.103839
0.012901 0.000714 0.015316 -0.018795 0.044832 0.018799 -0.004574 0.012088 -0.012988 -0.607020 -0.636409 -0.007472 0.034632 -0.022359 -0.118838 0.041036 0.334575 -0.013660 0.038269 0.001121 0.001471 0.003883 0.023624 -0.010741 -0.003402 -0.035318 -0.000563 -0.033040 -0.008408 0.016257 -0.023763 0.003546
0.195905 -0.046507 0.056776 0.201446 -0.140199 0.151188 -0.063761 -0.248393 0.101090 -0.190690 0.233268 0.173312 -0.230574 -0.144282 -0.107237 -0.190737 0.175614 -0.198189 -0.061503 0.205199 -0.077144 0.051474 -0.240542 -0.151393 0.016058 0.089178 0.014801 -0.092578 -0.240018 -0.195504 -0.084384 -0.042581
-0.092267 -0.000415 -0.040793 -0.203936 -0.253824 -0.052383 0.004422 -0.032313 -0.047692 -0.065820 0.278222 -0.017562 0.026856 -0.008909 0.398360 0.028136 0.146268 -0.024270 -0.051365 -0.001446 -0.001533 0.237998 -0.091917 -0.063882 -0.064562 0.276954 0.008095 -0.220987 -0.274894 0.241002 -0.069298 0.019190
0.190666 0.026984 -0.112609 -0.175687 -0.266005 0.128072 -0.123154 -0.247018 -0.112423 -0.183580 0.217877 0.174025 -0.228794 -0.095056 -0.121519 -0.181880 0.176981 -0.128140 -0.127994 -0.031138 -0.065137 0.138649 0.113284 0.102432 -0.105222 0.254814 0.140047 -0.132829 -0.237001 0.110513 0.111196 -0.241827
0.123983 0.130818 -0.136602 -0.158909 -0.169793 0.108206 -0.072543 0.056278 -0.157008 -0.121140 0.073333 -0.170321 0.165034 -0.035290 0.193368 0.097455 0.105920 -0.097988 -0.164975 0.135116 0.081047 0.175777 -0.175755 0.017326 -0.137931 0.173836 0.161988 -0.173013 0.054191 0.182585 -0.163028 0.062663
0.215004 0.037653 0.063304 -0.186853 -0.256989 -0.087344 0.031831 -0.291944 -0.071923 -0.207484 -0.080739 0.170009 -0.264477 -0.093872 0.085186 -0.210401 0.267812 0.106152 -0.087259 0.036780 -0.017018 0.176637 0.274475 -0.191047 -0.029909 -0.287002 -0.021893 0.091207 -0.282988 0.129623 0.096368 0.144972
0.182418 -0.064566 -0.086147 -0.060354 -0.111852 -0.040007 -0.051366 -0.063112 0.185772 -0.179683 -0.201437 0.206372 -0.195426 -0.155484 -0.193918 -0.177193 0.193695 0.192068 -0.019663 -0.018810 -0.068980 0.038974 0.049609 0.151155 -0.014440 0.073244 -0.066738 0.119832 0.176767 0.046016 0.156885 0.104662
0.098643 -0.001615 -0.033924 -0.067858 0.574184 0.064783 -0.003369 -0.018836 0.020876 0.022090 -0.082647 0.023245 -0.013639 0.007924 0.011208 -0.544995 -0.497192 0.566746 -0.007338 0.001166 0.002147 -0.009752 0.034752 -0.011305 -0.034407 0.040143 0.000799 -0.082484 -0.025078 0.063814 -0.019117 0.039462
0.141018 -0.005980 -0.057461 -0.152901 -0.235208 -0.104626 0.047967 -0.033305 -0.052406 -0.145744 -0.219755 -0.162015 0.173028 -0.081148 -0.055441 0.096171 0.143142 -0.186690 -0.048777 0.169180 -0.034628 -0.160364 0.227835 -0.064869 0.062974 0.236957 0.051852 -0.099545 -0.228803 0.168972 -0.097906 -0.063948
-0.128836 -0.045416 -0.137654 -0.159985 -0.179793 -0.106805 0.089455 0.121052 -0.136395 -0.146316 0.136042 -0.162281 0.161100 -0.102801 -0.107165 -0.147786 0.134991 0.130467 -0.144538 0.136640 -0.067196 0.163240 -0.174617 -0.153972 -0.121134 0.180466 0.146759 -0.164154 -0.172954 0.163219 -0.159204 0.117971
0.173828 -0.000471 -0.006132 -0.166122 -0.205162 0.089043 0.000265 0.007758 0.043151 -0.168495 -0.272811 0.067558 0.217154 -0.047865 0.011748 -0.164490 0.250238 -0.089701 -0.010096 -0.001073 -0.002413 0.143337 -0.274984 0.019657 0.002289 0.285520 0.222458 -0.019131 0.243073 -0.016256 -0.056371 -0.003246
0.022710 -0.000022 0.009138 -0.004766 -0.377829 0.021230 -0.418328 -0.006201 0.000615 -0.021146 -0.537484 -0.003152 0.006024 -0.008318 0.662942 -0.560258 -0.000052 -0.013962 0.003492 0.001023 -0.000431 0.000276 0.007143 -0.005868 -0.007188 -0.008294 0.000086 0.067834 -0.007525 0.004802 0.011331 0.009378
0.230796 0.009230 0.032380 0.178146 -0.366898 0.111033 -0.049102 0.018103 0.040732 0.210153 -0.369941 0.023909 -0.256044 0.051206 0.045259 -0.067610 0.343017 -0.102596 0.035229 0.197150 0.031339 0.194492 0.307740 0.066040 -0.070092 -0.036317 -0.061027 0.042724 -0.102718 0.084489 -0.011747 0.103276
0.151138 0.125363 0.062237 -0.160483 -0.177737 -0.086366 0.062797 0.096768 -0.156517 -0.148995 -0.172797 -0.168554 0.157369 0.163974 -0.099214 -0.150369 -0.062888 0.089739 -0.151935 0.151369 0.140883 -0.156816 -0.180963 -0.157926 -0.135639 0.184409 0.157663 -0.169831 0.100733 0.175486 0.069934 -0.098109
-0.147121 -0.050573 0.193445 -0.174592 -0.161228 0.116694 -0.036790 -0.229271 -0.079910 -0.174596 -0.221524 -0.082866 -0.214587 -0.103134 -0.083017 -0.151022 -0.036573 0.094715 -0.116440 0.193909 0.018004 -0.154642 0.213413 -0.127507 -0.001403 0.227602 0.181563 -0.109694 -0.222095 0.090804 0.094711 -0.087144
0.179649 -0.049119 0.067859 -0.170430 0.194004 0.153705 0.212869 -0.221433 -0.120122 -0.153391 -0.243113 0.155423 0.163894 0.100245 0.157383 -0.155330 0.225991 0.086714 -0.143886 0.035787 -0.059730 -0.164052 -0.218400 0.091368 -0.066087 0.221919 0.174388 0.088836 -0.214972 -0.088789 -0.171564 -0.077035
-0.035321 -0.001282 -0.051754 0.056364 -0.332245 0.087439 -0.019470 0.013486 0.031847 -0.012485 -0.351139 -0.036483 0.008230 0.024404 -0.025132 -0.055667 0.321022 -0.358609 -0.021205 -0.020408 -0.000858 -0.008791 -0.016581 -0.016457 0.005547 0.311746 0.015616 -0.025585 0.006612 -0.007227 -0.040128 -0.367879
0.124877 -0.060633 -0.119795 0.117009 -0.127175 -0.098312 0.095879 -0.135798 -0.113934 0.115353 -0.132829 0.109186 0.125281 -0.097210 0.124219 -0.123727 0.110334 0.110332 -0.112092 0.106338 -0.068347 -0.110761 -0.138082 -0.129610 0.051215 0.142215 0.116336 -0.133937 -0.132798 0.127025 -0.132139 -0.128602
0.049109 0.001316 -0.011743 0.014675 0.400520 0.019206 -0.004146 -0.343987 -0.011594 -0.344433 0.005368 0.023594 0.028262 0.013461 0.124806 0.021440 -0.004010 -0.006151 -0.324252 0.264747 -0.001809 -0.004557 0.011023 -0.015579 -0.010854 -0.001804 -0.000335 0.024512 0.015570 0.101017 -0.077997 -0.008213
0.152790 -0.062702 0.136302 -0.143345 -0.139130 -0.141057 -0.079054 0.101408 -0.126248 -0.148490 -0.147880 -0.141364 0.140150 -0.125546 0.143950 -0.150731 -0.072856 -0.113461 -0.100617 -0.079912 -0.094806 -0.109900 -0.154117 -0.138496 -0.113133 0.158155 0.131519 -0.145086 -0.146595 -0.105938 -0.144158 0.104153
-0.196812 -0.001984 -0.100389 -0.182937 0.134876 0.094418 -0.006751 -0.059172 -0.149765 0.045604 -0.227623 -0.197478 -0.024241 0.172136 0.137085 -0.055791 -0.011678 -0.086865 -0.193446 -0.026097 0.010127 0.204247 -0.058473 -0.154065 -0.068791 0.057150 0.142045 -0.158575 -0.231204 0.207645 -0.169159 -0.226866
0.065193 0.000660 -0.077694 0.231327 -0.322287 0.097905 -0.003306 -0.041305 -0.051589 -0.177721 0.109323 -0.108831 -0.286796 -0.023456 -0.021331 0.076231 -0.006424 -0.100882 -0.086989 0.002449 0.003267 0.248401 -0.341068 -0.171499 -0.021573 0.353140 0.287862 -0.122933 -0.081143 0.240935 -0.199845 -0.336184
0.165487 0.041094 -0.110950 0.147776 -0.132234 0.114647 0.132008 -0.163605 0.085770 -0.161759 0.087613 -0.132791 -0.160003 0.079879 0.053617 0.059631 0.135176 -0.111789 -0.131111 -0.087052 0.049606 0.137136 -0.162542 -0.121921 0.051893 0.165487 0.143409 0.096925 -0.161171 0.136485 -0.126856 0.106238
-0.116927 0.035839 -0.146521 -0.183689 -0.269010 -0.054385 -0.005729 -0.204317 -0.151066 -0.141204 0.202736 0.061500 0.077630 0.183449 0.191657 -0.056251 0.137058 -0.082099 -0.182612 0.147661 0.151162 0.198857 -0.196679 -0.179097 -0.110109 -0.047270 0.155225 -0.182177 0.026387 0.203881 -0.183620 0.039576
0.101940 0.240204 0.245932 -0.000169 -0.009587 0.039983 -0.335535 -0.001740 0.004889 -0.034808 -0.352091 0.003663 0.004238 -0.010810 0.256487 -0.024102 0.330983 -0.341736 0.004372 0.282126 -0.001745 -0.002141 0.004343 -0.005474 -0.005644 0.362393 0.001392 -0.050654 -0.003238 0.001025 -0.018811 0.005479
0.174099 -0.010579 -0.120947 0.221029 0.056217 0.122071 -0.227993 -0.290226 -0.130761 -0.163206 -0.277076 -0.205305 0.106473 0.099562 -0.126262 -0.208271 -0.120310 0.094315 -0.198744 -0.041790 0.060265 -0.168827 -0.280205 -0.166720 -0.115245 0.271246 0.167694 -0.146820 -0.211093 -0.093116 0.084605 0.094318
0.174489 -0.089611 -0.081798 -0.136870 0.062553 -0.186648 0.155797 -0.208056 -0.070962 -0.172756 0.178620 0.142020 0.163887 -0.150538 -0.104957 -0.168337 -0.024746 -0.097170 0.167852 -0.030814 -0.103190 -0.153508 -0.200848 -0.110448 -0.018159 0.206045 -0.063581 -0.090790 0.057927 -0.083168 0.125476 -0.052238
0.151416 0.056296 -0.131646 0.158803 -0.192740 0.141811 0.080399 -0.180124 -0.104211 -0.148581 -0.177757 0.147332 -0.176201 0.139677 -0.107869 -0.150202 0.137910 -0.143739 0.162960 -0.069934 -0.082475 -0.152208 -0.179259 -0.138173 -0.067896 0.185930 0.126133 -0.130013 -0.177090 -0.159779 0.121952 -0.100442
-0.001865 0.001191 0.010573 -0.014500 -0.513361 -0.019371 0.000207 0.010834 -0.027224 -0.043599 0.014365 -0.028797 -0.003510 -0.033850 -0.152886 0.011367 0.315908 0.525060 0.004667 -0.000536 -0.001294 0.005136 0.007428 0.007358 -0.002504 -0.450177 -0.001544 0.037676 -0.020271 0.012151 0.038236 0.010437
0.170849 0.049969 -0.139537 0.168473 0.048635 -0.092361 -0.098138 -0.189091 -0.157440 -0.167213 0.176429 -0.181110 -0.183853 -0.118434 -0.106818 -0.169003 -0.062579 -0.135620 0.066072 0.161551 0.070353 0.181812 0.078248 0.082817 -0.131927 0.193410 0.169816 -0.179353 -0.188977 -0.063983 0.070154 -0.178277
-0.089616 0.074376 0.178067 -0.146511 0.061139 0.126318 -0.072963 -0.166716 -0.145421 -0.152110 0.086825 0.144168 -0.177135 -0.127619 -0.162134 -0.149935 -0.060915 -0.111589 0.072951 0.169001 -0.100869 -0.151034 -0.165759 0.140002 0.049867 0.186378 -0.099904 -0.152110 0.089030 -0.073182 -0.144129 0.109612
0.206588 0.009022 0.070850 0.179668 -0.242618 0.145102 0.203019 -0.237574 0.061633 0.152661 -0.240665 -0.182503 0.113706 0.102636 -0.079688 -0.188402 0.237806 -0.135248 -0.129752 0.183177 0.032745 0.195993 0.247428 0.104300 -0.115571 0.240299 -0.074721 -0.149869 -0.143848 0.109919 0.071774 0.111736
0.133069 -0.079908 -0.113652 0.093672 -0.126604 0.112242 0.106713 -0.142295 -0.127864 0.080911 0.104415 -0.134498 0.128953 0.131740 0.083479 -0.128218 -0.061895 -0.101778 -0.132758 -0.081639 0.122625 -0.097896 0.072641 0.076024 -0.121682 0.143260 -0.066474 -0.139470 -0.142114 0.141394 -0.129534 0.090684
0.161800 0.108351 0.140136 -0.144964 -0.150893 -0.102864 0.119002 0.090520 -0.130246 0.083792 0.115225 -0.143728 0.139506 -0.129513 -0.117526 -0.158877 0.129176 0.122878 -0.128562 -0.081529 0.123325 0.145594 -0.159155 -0.140088 -0.123878 -0.091331 -0.074290 -0.153778 -0.155921 0.149256 -0.143470 0.114778
0.116602 -0.068131 -0.117084 -0.132829 0.056202 -0.087192 -0.079220 -0.140983 0.064005 -0.115648 -0.135390 0.104819 -0.136395 0.131043 0.117269 -0.113138 0.109473 0.100559 -0.126248 -0.090602 -0.076471 -0.105144 0.094959 0.079030 -0.106697 0.142527 0.127174 0.075729 -0.139414 0.139418 -0.130746 -0.127022
0.161687 -0.075594 0.075634 0.147028 -0.160784 0.144301 0.128194 -0.171433 0.061134 -0.158213 -0.165169 0.116687 -0.167362 0.157064 0.151959 0.086885 -0.060950 0.130705 -0.131330 0.055955 0.136435 0.165576 -0.173947 0.095414 -0.133998 0.176992 -0.060418 -0.162118 -0.170259 -0.083208 -0.159664 0.112364
-0.118053 -0.097835 -0.126178 -0.124418 -0.111968 -0.108704 0.118725 -0.153719 0.084320 -0.152150 -0.149683 -0.151057 0.155949 -0.125455 -0.110091 0.083132 0.133896 0.153499 -0.123148 0.136207 -0.108896 -0.120108 0.091356 -0.142076 -0.120318 0.161521 -0.098957 -0.140978 -0.159221 0.144813 0.107613 0.111505
0.147076 0.120538 0.086385 0.156719 -0.169088 -0.100480 0.077283 -0.176804 -0.148060 -0.145096 0.160025 0.131699 0.158324 -0.118316 0.154822 -0.144994 0.135471 0.107620 0.085878 -0.092563 0.132909 -0.137639 -0.174082 -0.155944 -0.122549 0.177720 0.151463 -0.164495 -0.173475 -0.083730 -0.157502 -0.104299
-0.028056 0.000499 -0.003680 0.001020 0.001030 -0.015125 0.000398 0.002945 -0.036987 0.023529 -0.002143 -0.000610 0.000368 0.010305 -1.459482 0.009012 -0.001868 0.013650 0.001391 -0.000123 0.000316 0.000352 0.005196 0.002304 -0.010736 -0.007066 0.000572 0.023017 -0.002858 0.000255 0.002156 -0.009550
-0.089000 -0.075903 0.088210 -0.164710 -0.177570 0.138694 -0.101558 0.096615 -0.132601 -0.174017 0.169245 0.133697 -0.185295 0.152158 -0.130975 -0.171576 0.146359 0.173781 0.117656 0.162442 0.058018 -0.139159 -0.190233 0.103433 -0.130237 0.196613 -0.065274 0.087190 0.097859 0.173271 -0.158922 0.118941
-0.002622 0.001519 0.002144 -0.000600 1.760859 -0.004638 0.001296 -0.001124 -0.005229 0.000592 -0.000473 0.000096 -0.001691 0.001617 0.003747 0.006594 0.000365 0.001751 -0.002052 -0.000566 -0.000272 0.001870 0.000050 0.001123 -0.007211 -0.001376 -0.000134 0.005312 -0.002368 0.003858 -0.005003 -0.000607
0.149951 -0.074172 0.071135 0.094685 -0.148309 0.119629 0.063908 -0.153931 -0.123335 0.080642 0.091469 -0.144269 0.140854 -0.108496 0.135595 -0.146865 0.114186 -0.110365 0.071639 0.128098 0.121223 0.147223 -0.155526 -0.134038 -0.116821 0.159152 0.136559 0.067281 -0.154139 0.150947 -0.136247 -0.097702
-0.057650 0.013682 -0.119142 0.155426 -0.198848 0.117666 0.163230 0.048750 0.051593 -0.176279 0.194143 -0.179488 0.188490 0.058891 -0.086646 -0.175540 -0.191953 0.092169 -0.179517 0.190491 -0.164895 -0.140675 -0.208123 0.076394 -0.130019 -0.044000 -0.106257 -0.131934 -0.206740 -0.066752 -0.146753 0.147149
0.170446 0.057825 -0.135392 -0.158468 -0.154029 0.139709 0.122049 0.113757 -0.130078 -0.168562 -0.156720 0.126396 -0.166584 -0.121338 -0.124973 -0.167394 0.139544 -0.133307 -0.129669 0.128028 0.076779 0.145145 -0.172952 -0.150836 -0.119794 -0.098405 0.142509 0.092542 0.146332 0.152739 0.104909 -0.158118
0.092080 -0.004552 -0.062933 0.019762 -0.305630 0.102459 0.305453 -0.015575 -0.037398 -0.193155 0.049748 0.038475 -0.306872 0.021465 0.151771 -0.052453 -0.350426 -0.093433 0.344237 0.004339 0.001956 0.019711 0.015305 -0.039754 0.000927 0.372010 0.315606 -0.061216 0.021229 -0.015137 -0.035547 -0.017820
0.019705 -0.001563 -0.024806 -0.009439 0.474888 0.445008 -0.008945 -0.010937 0.037892 -0.049796 -0.061059 0.036175 0.346247 0.039559 0.369765 -0.255442 -0.002082 -0.101897 -0.031529 0.306372 0.001811 -0.009212 -0.024327 0.023277 -0.032634 0.477454 0.000725 -0.075691 -0.486083 0.042444 -0.065571 -0.007642
0.185284 -0.056340 -0.110911 -0.239679 0.046233 0.146781 0.018225 -0.267411 -0.088902 -0.259144 -0.262274 0.091524 -0.247247 -0.109923 -0.015336 0.041501 -0.119509 0.102797 0.081352 0.231626 0.182202 0.079920 0.255052 -0.139897 -0.053939 -0.046421 -0.017449 -0.117577 -0.263494 -0.060229 -0.154842 0.078333
0.166354 0.056642 -0.103138 -0.118517 -0.145977 0.111630 0.119896 -0.160146 -0.109768 0.084956 0.106613 -0.140112 -0.157759 -0.112490 0.092619 -0.163782 0.128106 -0.102865 -0.120117 -0.063800 -0.095475 0.141685 0.099197 -0.134356 -0.098397 0.164443 0.122963 -0.138419 -0.158783 -0.108656 -0.138927 0.100919
0.220015 -0.000459 -0.052377 -0.018022 -0.241242 0.028799 -0.314777 0.010555 0.008058 -0.208082 -0.423842 -0.027093 -0.019454 -0.021290 -0.111996 -0.013343 -0.352455 -0.431641 -0.054033 -0.007594 0.004066 -0.006938 -0.418435 -0.029977 0.007683 0.003835 0.013967 -0.029900 0.010306 -0.003584 -0.021131 0.007565
-0.154470 -0.006619 -0.118486 -0.219167 -0.271129 0.120647 0.273526 -0.051730 -0.180834 0.153651 -0.061440 -0.250748 0.214222 0.215574 -0.053051 -0.074072 -0.239919 0.033933 -0.171029 -0.008983 0.068508 -0.013290 -0.074638 -0.183215 -0.118277 0.093374 0.072717 -0.245507 -0.221807 0.259377 -0.200124 -0.046733
0.132699 -0.097203 -0.130477 -0.143861 0.040504 0.128817 0.116287 -0.155482 0.056480 -0.135205 -0.147895 0.083100 -0.145728 0.145309 -0.071705 0.095767 0.126312 0.144140 -0.147428 -0.116447 0.137780 -0.105238 0.088818 -0.143718 0.030022 -0.082617 0.146741 -0.151773 0.098054 0.152750 -0.145069 0.098927
-0.013004 -0.000282 -0.025798 0.015369 -0.060982 0.011820 -0.003111 -0.005126 0.032079 -0.168715 -0.838894 0.007001 0.010158 0.014707 0.016904 -0.024255 -0.000431 -0.057084 -0.011743 -0.714016 -0.000591 -0.002160 -0.033457 -0.016962 -0.006226 0.059587 0.003390 0.019334 0.003958 0.010820 -0.047458 0.002441
-0.220946 -0.059886 -0.085678 0.146398 -0.162542 0.110213 0.195429 -0.303703 -0.063031 -0.176918 -0.011396 -0.047305 0.065738 -0.102533 -0.041459 -0.138945 0.276963 -0.287764 -0.038535 -0.054445 0.014439 0.020924 -0.294847 -0.047621 0.055226 0.291207 0.232313 -0.069241 -0.054659 -0.055590 0.080099 -0.089372
0.160897 0.037310 0.141749 -0.144700 0.091928 0.125210 0.121500 0.095687 -0.131784 -0.156604 0.119224 -0.144606 0.133132 -0.124030 -0.113462 -0.156866 -0.055029 0.125461 -0.127824 0.137759 0.063722 0.147776 -0.162107 -0.139824 -0.116875 0.167227 -0.064982 -0.150690 -0.158603 0.145837 -0.142558 0.109056
0.171608 0.122572 -0.127783 0.149619 -0.135679 -0.108907 -0.086711 -0.175056 -0.133440 -0.164520 -0.173098 -0.145105 -0.175023 -0.149120 -0.107627 -0.163149 -0.088704 0.168390 0.112645 -0.088463 0.067039 -0.129695 0.069044 0.144487 0.061904 -0.067799 -0.124810 -0.139582 0.085467 0.147590 0.105652 0.117533
0.243526 -0.002225 -0.034664 -0.091852 0.053889 0.079275 -0.001488 -0.456764 0.023814 -0.220190 0.424953 -0.013103 0.051290 -0.010595 -0.016249 -0.222945 -0.388871 -0.103998 -0.029522 0.001815 0.000885 -0.213612 -0.022956 -0.040402 0.010380 0.041381 0.399959 -0.083378 -0.459140 0.089465 -0.064498 0.017550
-0.086134 -0.094417 -0.117245 -0.127847 -0.122391 0.118184 0.103811 -0.141411 -0.132840 0.083155 -0.137625 0.117076 0.129967 0.130607 0.114618 -0.126954 -0.068634 0.100328 -0.121811 0.132223 -0.100166 0.135347 -0.146474 -0.129614 0.054555 0.165872 0.133135 -0.136527 -0.142917 -0.069152 0.085837 0.107026
0.178844 0.046547 0.077510 0.152158 -0.199124 -0.097139 0.136934 -0.181031 -0.144521 -0.169603 -0.174035 -0.166454 0.175524 0.162992 0.147737 -0.174277 -0.077886 0.121554 -0.129295 -0.080965 -0.091311 -0.126804 -0.180084 -0.156062 -0.124009 -0.106506 0.168204 -0.157074 -0.178775 -0.098253 -0.162896 0.120045
-0.057456 0.030773 0.045944 -0.173149 0.311925 0.039133 0.022811 0.025647 -0.043623 0.454172 -0.305775 0.042961 -0.085776 0.017382 0.406794 0.022113 0.193086 -0.057698 0.093873 0.042827 0.008237 0.015606 0.035434 -0.033707 0.031060 0.386139 -0.027235 -0.071718 -0.299456 0.212117 0.055788 0.109805
-0.092239 -0.000807 -0.115112 0.208897 0.308422 0.149026 -0.060029 -0.291827 -0.040700 -0.212488 -0.280891 -0.080259 -0.264857 -0.088434 -0.155337 -0.211435 0.183779 -0.142869 -0.074472 0.016615 0.000912 0.069968 -0.285683 0.107975 -0.010319 0.292300 0.034287 -0.111294 -0.284306 -0.106863 -0.189604 -0.057519
0.205985 0.039244 0.089217 -0.152730 -0.284721 -0.109856 0.037107 -0.289075 -0.115222 -0.182597 0.286618 0.055269 -0.242040 0.076066 0.039421 0.105991 0.179166 -0.288440 0.042481 0.057317 -0.018164 -0.025679 0.289036 0.060879 -0.027391 -0.028164 -0.123799 -0.213960 0.056753 0.207521 -0.089864 0.094022
0.023329 -0.003017 -0.041006 0.024960 0.824880 0.045273 -0.006437 -0.015479 0.021534 -0.101280 -0.647233 0.030386 -0.027257 0.033200 0.828962 -0.057045 -0.004365 -0.037826 -0.064818 -0.001695 -0.002669 -0.013072 -0.044528 -0.029713 0.006492 0.063054 0.006536 -0.059519 0.026105 -0.016408 -0.027851 0.007132
-0.232549 -0.036614 -0.066061 0.186476 -0.381754 0.106131 -0.029590 0.015333 -0.061805 -0.006318 -0.370028 -0.054442 -0.004088 0.015487 -0.042665 -0.106713 -0.325375 0.038275 -0.031450 -0.044874 0.010954 -0.041659 -0.369667 -0.040807 0.009580 0.386060 0.313046 -0.057175 0.038396 0.054577 0.067344 -0.089029
-0.225437 -0.002429 -0.058270 -0.019931 -0.454711 0.066358 -0.405303 0.021136 -0.048966 -0.247820 0.379606 -0.036103 -0.094466 -0.083384 -0.386464 -0.359040 -0.292415 -0.023354 0.165074 -0.010339 0.007463 -0.019773 -0.093344 -0.061957 0.041920 -0.046431 0.019662 -0.063320 -0.461722 0.011441 -0.042284 0.016216
-0.010242 0.000715 -0.010825 -0.002986 -0.000762 0.004637 -0.002855 0.000552 0.005628 0.030640 -0.005770 0.000952 -0.000808 0.006094 -1.465310 0.018661 -0.000628 0.002739 0.004322 -0.000641 -0.002216 0.000538 0.005675 -0.009464 0.023024 -0.005421 0.000978 0.008892 0.001145 0.001076 0.017538 0.001849
-0.220507 -0.006418 0.022991 -0.234393 0.067834 0.132205 0.155213 0.064720 -0.098148 0.084699 -0.274614 0.069764 0.108187 -0.048177 0.217867 -0.154036 0.318896 0.026057 0.043232 0.023577 0.006903 -0.178211 -0.280274 -0.182159 -0.067628 0.293779 0.135134 -0.200888 -0.280158 0.235742 0.078458 -0.045342
0.040963 -0.007098 -0.032978 0.027419 -0.034384 0.031217 -0.011907 -0.026728 0.012880 -0.069824 0.008602 0.002950 0.004499 -0.017761 1.266212 -0.035177 -0.000927 0.010256 -0.016276 -0.006624 -0.005947 -0.017893 -0.043538 -0.008375 -0.032268 -0.543153 0.002237 0.044825 0.016302 0.003040 -0.030843 -0.001492
0.233936 -0.037723 -0.144062 0.153874 -0.188749 0.170796 -0.058066 0.149330 -0.068753 -0.167944 -0.264576 0.173121 -0.241315 -0.091506 -0.245942 -0.145314 0.272160 0.045519 -0.061651 -0.056783 0.018960 0.073979 -0.260531 -0.129715 0.048804 0.044267 0.162884 -0.092834 -0.257202 -0.257752 0.094371 -0.093940
-0.109223 0.135479 -0.098314 -0.244134 -0.224029 -0.099191 -0.062981 -0.232038 -0.167345 0.105422 0.056638 -0.223668 -0.073505 0.117647 -0.101028 0.092406 0.142404 -0.050998 -0.230006 -0.035266 0.079063 -0.051304 -0.102801 -0.170451 -0.122838 0.268373 0.238065 0.053614 0.211369 0.241578 -0.182620 0.097515
0.167563 -0.081790 0.052810 0.171317 0.054511 -0.074241 0.131537 -0.195481 -0.127827 -0.164644 0.176530 0.137974 0.095104 -0.125481 0.190732 -0.163829 0.137544 0.076872 0.063559 0.162111 0.038822 -0.142127 0.176657 -0.154005 -0.104060 0.197907 -0.047827 -0.172176 0.164017 -0.054620 -0.155825 -0.075583
0.133708 -0.096058 0.141679 -0.143413 -0.105926 0.133896 0.116790 0.108764 0.076492 -0.132070 -0.141265 0.111586 -0.145861 -0.120052 -0.080580 -0.130014 0.129327 -0.127087 0.118067 -0.118261 0.135313 0.145251 -0.154205 -0.139136 -0.128883 -0.094932 0.142885 -0.142348 -0.152948 -0.083764 -0.141505 0.111035
-0.101668 0.037953 -0.135568 0.158857 -0.165657 -0.080206 0.055836 -0.177550 -0.122601 -0.138932 0.168647 0.130327 -0.174309 -0.085015 -0.117600 -0.141009 -0.079228 0.101102 -0.128541 0.127555 -0.062489 -0.140216 -0.184157 -0.145080 -0.091203 0.186365 0.129839 -0.160100 -0.174916 -0.084466 -0.148381 -0.156152
0.147783 -0.067090 0.065079 -0.171749 -0.131888 -0.079463 0.135028 -0.222598 -0.085941 0.089442 0.134542 0.135464 -0.206273 -0.108662 -0.086886 -0.149296 0.175158 0.093442 -0.150352 0.186703 0.050920 -0.139108 0.210421 0.083290 0.049579 0.216289 0.188931 -0.104366 -0.217258 -0.064841 -0.128224 -0.056870
0.213173 -0.002322 0.062152 -0.185434 -0.276200 0.091305 -0.262851 -0.309238 -0.051356 0.112199 -0.109694 -0.047782 0.232882 -0.099390 -0.287310 -0.228028 0.197985 0.070013 0.224266 -0.000556 -0.032970 0.030392 -0.291047 -0.086153 0.055865 0.311623 0.060778 -0.073367 -0.301851 -0.095228 0.093094 0.097249
0.500559 -0.016318 -0.055622 0.181774 -0.493035 0.089685 -0.026347 0.018995 0.022952 -0.211966 -0.018350 -0.085528 -0.021639 0.066650 0.046892 -0.063091 -0.025952 -0.502545 -0.079902 -0.027421 0.013010 -0.013449 -0.043667 -0.026674 0.015032 0.048615 0.026925 -0.085541 0.021825 -0.017858 0.036389 -0.070815
0.175176 0.043921 -0.135755 -0.152919 -0.176866 0.141709 -0.063096 0.108783 -0.134235 0.093964 -0.177500 0.092248 -0.173098 -0.098180 -0.111806 0.089845 0.155198 -0.117880 0.116169 0.047098 0.058035 0.167127 -0.183642 -0.155233 -0.110335 0.189380 0.150968 -0.167950 -0.180064 -0.072028 -0.158638 -0.165460
0.214448 0.036907 0.067090 -0.188450 0.343103 -0.089757 0.030179 -0.023354 0.048210 0.029987 -0.344634 0.062723 0.267617 -0.061697 0.037100 0.330982 0.320416 -0.125862 0.043265 0.043787 -0.019796 0.048539 -0.346783 0.056269 -0.027694 0.349188 -0.046778 -0.073540 -0.084495 0.073511 -0.067286 0.100069
0.162962 -0.063861 0.094743 -0.133405 -0.143950 0.112700 0.113185 -0.162888 -0.108847 -0.159698 0.111377 -0.136362 0.141108 -0.114048 0.124241 -0.158764 -0.054445 -0.114787 -0.116005 -0.055905 0.052092 0.132213 -0.164615 0.097994 -0.091116 0.170611 0.120275 -0.130957 -0.163004 0.133654 0.106994 -0.122744
0.048357 2.833454 0.003246 0.002787 -0.009959 -0.002477 -0.000959 -0.002688 -0.016468 -0.006707 -0.006092 0.001914 -0.001743 -0.002882 -0.003519 -0.007429 0.010079 0.003053 -0.002314 -1.876542 1.873997 0.002736 -0.010150 0.001313 1.277693 0.037159 -2.027172 -0.008830 0.005862 -0.005484 0.003206 -0.009139
0.013180 -0.001644 -0.042772 -0.006838 -0.017784 0.038442 -0.043348 -0.002631 -0.002727 -0.008125 0.004927 0.005399 0.004432 0.004446 -0.007669 -0.008991 1.417513 -0.011620 -0.008140 0.344601 0.001174 -0.006322 0.002714 -0.007289 -0.006942 0.003647 0.000380 -0.011961 0.001034 0.010224 -0.020519 -0.594117
-0.259307 -0.240537 0.376725 0.388790 -0.336550 -0.253753 0.173674 -0.390638 -0.287394 0.211924 -0.358027 0.183396 -0.283972 -0.282445 -0.226221 0.232176 -0.209524 -0.215769 -0.317426 0.282457 -0.222522 0.314945 0.207121 0.334250 -0.132646 -0.248269 0.088805 0.233149 0.213216 0.313407 0.403658 0.165212
-0.302795 -0.245167 -0.041202 0.361071 0.099333 0.139725 -0.135043 0.032668 -0.082575 -0.091002 0.047618 0.385270 0.055132 -0.054572 -0.352099 -0.096801 0.149987 -0.371347 -0.043048 -0.037994 -0.073208 -0.121943 0.292854 -0.113717 -0.040563 -0.316080 0.240028 -0.120679 0.330870 -0.113094 -0.119613 0.278253
0.092040 -0.462291 0.149331 0.150641 0.185136 0.096431 -0.101076 0.202837 -0.525492 -0.097997 0.198781 0.470504 -0.513055 -0.521751 -0.493368 -0.089238 0.073129 -0.489052 0.132102 0.129315 -0.478565 0.073432 -0.087095 0.097869 -0.345034 -0.369298 -0.088516 -0.092689 0.332075 -0.199981 0.119030 0.442728
0.264985 -0.036436 -0.083301 -0.182339 -0.067618 -0.068366 0.080165 0.129349 0.098226 -0.487735 0.072123 0.019890 0.026697 -0.073525 -0.068228 -0.264993 0.279084 0.371902 -0.050393 -0.063238 -0.025252 -0.396503 -0.344563 0.049246 0.174409 0.376918 -0.302754 0.055173 -0.331464 -0.428659 0.058281 -0.288672
0.562949 -0.380968 0.323116 0.228846 0.230136 -0.403992 0.241864 -0.357920 0.547420 -0.458516 -0.300885 0.237747 -0.354936 -0.470318 -0.349704 -0.496181 0.169539 0.405682 0.277737 0.299719 0.396805 -0.248254 -0.276562 0.493425 -0.338473 0.294317 -0.306927 -0.569942 -0.307790 -0.295669 0.596714 -0.328289
0.524455 -0.315142 0.356103 0.223931 0.219513 -0.424969 0.241397 -0.303474 0.158929 -0.524140 -0.338136 0.265640 -0.326866 -0.483483 -0.393249 -0.513680 0.170324 0.371872 0.244133 0.265144 -0.323450 -0.232255 -0.279197 0.511705 -0.332120 0.271567 -0.343633 0.396077 -0.359428 -0.275535 0.559423 -0.309938
0.002618 -0.002167 -0.001351 -0.003846 0.002601 -0.392379 -0.016215 0.004093 0.002805 -0.001476 0.365093 -0.001501 -0.307395 -0.271209 0.002057 -0.000839 0.028632 -0.000056 0.000492 -0.000655 -0.000164 0.315172 0.240762 -0.000565 -0.001993 0.275600 0.314828 -0.305617 -0.228071 0.342320 -0.001837 0.142302
-0.285767 -0.260338 0.413928 0.423346 -0.364405 -0.295178 0.196151 -0.431193 -0.308586 0.230769 -0.390258 0.195836 -0.313948 -0.308786 -0.242820 0.251055 -0.230602 -0.181574 -0.344960 0.313225 -0.243629 0.344435 0.224155 0.365075 -0.184994 -0.261883 0.097026 0.252448 0.204039 0.368084 0.441952 0.136244
-0.090732 -0.036099 -0.077000 -0.162979 0.330430 -0.072320 0.072779 0.118791 -0.117918 -0.259257 0.065845 0.020530 0.029991 0.034997 0.044415 -0.254075 0.249136 0.329695 0.355217 -0.060661 -0.028856 -0.327113 -0.308348 0.053295 0.134621 0.329852 -0.268675 -0.058718 -0.292880 -0.317279 0.062311 -0.254616
-0.470312 0.291716 0.347268 0.359042 0.463174 -0.407466 0.305401 0.466396 0.419301 0.435443 0.416189 -0.359142 0.356760 0.349780 0.338497 0.446113 -0.402939 0.416964 0.405509 0.256677 0.338744 0.355168 0.407298 0.351624 0.370489 -0.479949 0.281425 0.439814 0.361502 -0.399883 0.423028 -0.412800
-0.471735 0.290600 0.347278 0.359781 0.462275 -0.412829 0.307867 0.464376 0.418476 0.434577 0.415715 -0.359110 0.356093 0.349368 0.337649 0.443678 -0.402281 0.417913 0.406203 0.256553 0.338311 0.356405 0.405729 0.352328 0.370179 -0.481283 0.280742 0.441168 0.354414 -0.392803 0.425269 -0.417520
-0.023845 1.392383 -0.001724 0.001866 0.002034 -0.019694 0.036626 0.009212 0.001776 0.000117 0.007875 -0.003894 0.003377 -1.513454 0.003726 0.003002 -1.482473 -0.002334 -1.609435 0.000505 -1.159909 0.003801 0.003462 0.001631 1.642499 -0.027976 -0.797214 0.020158 -0.015536 0.005105 0.000638 -0.011232
-0.731698 -0.549400 0.564613 -0.586859 -0.572130 -0.519821 -0.481872 0.801428 0.689165 0.470300 -0.563901 0.756092 -0.491073 0.539964 0.377655 0.654653 -0.561523 -0.561339 -0.672002 0.480306 0.385517 -0.764212 0.745004 -0.444451 0.378436 -0.763943 -0.515627 -0.295292 -0.518665 -0.825710 -0.516018 0.766092
-0.035394 0.309625 -0.114392 -0.369214 -0.217229 -0.122210 0.113556 -0.153523 -0.205224 -0.134002 -0.112669 -0.256451 -0.110368 0.397959 -0.078661 0.208345 -0.260309 0.146922 -0.255853 0.097638 0.090745 -0.107332 -0.155104 -0.203782 -0.237771 0.131284 0.052824 -0.288562 -0.153313 0.251788 -0.198367 -0.269170
0.530413 0.357912 0.399998 0.559581 0.693141 0.510322 -0.343107 0.596136 0.470451 0.697715 -0.412324 0.524992 0.574952 -0.360097 -0.571571 0.709538 -0.415761 0.413004 -0.419428 -0.438674 -0.520898 -0.543317 0.465034 0.523468 0.265164 0.462120 -0.191534 -0.439547 0.629037 0.531650 0.437859 0.503609
-0.002288 -1.928743 0.001388 0.002410 0.000366 -0.003934 0.002311 0.002710 -2.668461 0.001450 -0.000982 -0.002281 0.002040 0.001655 0.001920 0.002670 1.295472 0.003441 -0.000472 -2.208110 -2.385064 0.002468 0.000741 0.002191 0.001856 -0.000513 -2.378129 -0.000792 0.002776 -0.002000 0.002352 -0.005618
0.522953 -0.309310 0.356780 0.224598 0.219569 -0.428351 0.247622 -0.303783 0.040330 -0.524136 -0.339114 0.265100 -0.326783 -0.484416 -0.393851 -0.514327 0.172455 0.373841 0.245160 0.264456 -0.324494 -0.232062 -0.280005 0.513270 -0.347761 0.269880 -0.345167 0.398746 -0.363298 -0.275474 0.560602 -0.312062
-0.261139 -0.240789 0.379440 0.390888 -0.335473 -0.254937 0.173618 -0.393077 -0.286756 0.213106 -0.356984 0.182693 -0.285019 -0.284279 -0.224308 0.232424 -0.211940 -0.214198 -0.317830 0.284445 -0.223806 0.317416 0.206329 0.336524 -0.136463 -0.248534 0.087877 0.233868 0.204265 0.326461 0.407058 0.156355
-0.475947 -0.296727 -0.594453 -0.600251 0.555360 0.581415 -0.495481 -0.556022 0.370014 0.499068 0.602381 -0.493661 -0.541411 -0.557145 0.498110 0.429291 -0.332037 -0.636528 0.628788 0.254886 -0.340628 0.522044 0.566681 0.454886 0.428873 0.580261 -0.357655 0.560495 0.610943 -0.590924 0.522407 0.618815
0.345258 -0.332712 -0.360793 0.628148 0.547959 0.409353 -0.382810 0.447724 0.377359 -0.234512 0.349909 0.556613 0.357147 -0.371620 -0.192491 -0.329863 -0.360915 -0.439063 0.669770 -0.352697 -0.579648 -0.558230 0.434007 0.241378 0.478801 -0.385572 -0.278256 0.699219 0.444998 -0.666394 0.284647 0.492969
-0.786149 0.483806 0.579603 0.598865 0.767205 -0.715303 0.527156 0.767783 0.694667 0.720877 0.688992 -0.597686 0.590479 0.579937 0.561469 0.735488 -0.667332 0.699614 0.672093 0.425274 0.560897 0.591871 0.670891 0.586989 0.612090 -0.802590 0.464475 0.733104 0.566227 -0.621621 0.705923 -0.706278
